Моклякова Анна Сергеевна 
08 06 2001
1
3,5 5 0 0 0 0 0 0 
12
Тулинова Элина Владимировна
20 05 2001
1 
4 4 0 0 0 0 0 0
12 
Быканов Никита Сергеевич 
04 11 2001
1  
3,8 4 0 0 0 0 0 0 
4 
Акакий Акакиевич Башмачкин 
12 03 2000
2
4,2 4 3,2 2,1 0 0 0 0
3 
Зубенко Михаил Петрович 
13 02 2000
2
3,9 4,1 4 4 0 0 0 0 
6 
Кузнецова Татьяна Владимировна
05 06 1999
3
4,6 4,1 4,3 4 3,1 2,4 0 0 
7 
Бьёрн Страуструп
30 12 1999
3
4,5 4,8 4,9 4,7 5 4,5 4,9 5 
12 
Холодова Алина Евгеневна 
12 06 1998 
4 
5 5 2,1 3,2 2,2 4,1 3,1 4,1 
5 
Волож Аркадий Юрьевич 
13 06 1998
4
3 3,5 5 5 5 5 5 5
12 
Семенев Константин Ростиславович 
23 04 1998
4
3,2 3,5 4 3,7 4,4 5 2 2
10
